# name: debug
# type: sparse matrix
# nnz: 38171
# rows: 1099
# columns: 1099

1 1 17.000000564
2 1 -0.000000065
3 1 0.000000008
4 1 -0.000000184
5 1 -0.006653756
6 1 -0.000968426
7 1 -0.000856431
8 1 -0.994143906
9 1 0.031028759
10 1 -0.103513805
11 1 -0.001300994
12 1 0.055114086
13 1 0.029015448
14 1 -0.047043391
15 1 -0.989095566
16 1 0.034858506
17 1 -0.143090998
18 1 -0.003842305
19 1 0.077882916
20 1 0.045533088
21 1 -0.059926066
22 1 -0.976402614
23 1 0.029501734
24 1 -0.213934092
25 1 -0.008955972
26 1 0.101313628
27 1 0.054846641
28 1 -0.074187198
29 1 -0.969779266
30 1 0.034158174
31 1 -0.241581275
32 1 -0.009041150
33 1 0.129287434
34 1 0.054574357
35 1 -0.095403796
36 1 -0.960973919
37 1 0.056975046
38 1 -0.270708635
39 1 -0.003540673
40 1 0.154676002
41 1 0.045122917
42 1 -0.114207758
43 1 -0.942574093
44 1 0.062367818
45 1 -0.328122753
46 1 0.000727692
47 1 0.180019297
48 1 0.032126819
49 1 -0.133193745
50 1 -0.948914044
51 1 0.000879838
52 1 -0.315533447
53 1 -0.003633737
54 1 0.198568497
55 1 0.011481538
56 1 -0.145924449
57 1 -0.927514923
58 1 -0.091647400
59 1 -0.362376877
60 1 -0.022542741
61 1 0.236572930
62 1 -0.002131946
63 1 -0.118122508
64 1 -0.905865042
65 1 -0.055132871
66 1 -0.419962996
67 1 -0.021248200
68 1 0.258047178
69 1 0.011956151
70 1 -0.131531532
71 1 -0.895953962
72 1 -0.022729667
73 1 -0.443565016
74 1 -0.024815267
75 1 0.279195915
76 1 0.035817132
77 1 -0.141410090
78 1 -0.857891785
79 1 -0.004303349
80 1 -0.513812437
81 1 -0.025187604
82 1 0.298591104
83 1 0.039553899
84 1 -0.144836945
85 1 -0.774400747
86 1 0.023538506
87 1 -0.632257434
88 1 -0.016566872
89 1 0.328543455
90 1 0.032522871
91 1 -0.142259678
92 1 -0.713795957
93 1 0.023592506
94 1 -0.699956255
95 1 -0.010204939
96 1 0.349067361
97 1 0.022172232
98 1 -0.135306616
99 1 -0.605117220
100 1 0.015422705
101 1 -0.795987026
102 1 -0.007202063
103 1 0.366998916
104 1 0.012585856
105 1 -0.124897786
106 1 -0.524788282
107 1 0.029553401
108 1 -0.850719633
109 1 -0.014016827
110 1 0.373990179
111 1 0.021638788
112 1 -0.118379522
113 1 -0.435297062
114 1 0.124030661
115 1 -0.891702239
116 1 -0.003960124
117 1 0.373723878
118 1 0.053916019
119 1 -0.116603806
120 1 -0.379104970
121 1 0.222841273
122 1 -0.898120925
123 1 0.000331511
124 1 0.369103533
125 1 0.091441817
126 1 -0.113691991
1 2 -0.000000065
2 2 17.000000034
3 2 0.000000070
4 2 0.006653430
5 2 -0.000000006
6 2 -0.000857335
7 2 0.000968389
8 2 -0.028879938
9 2 -0.999336473
10 2 -0.022193731
11 2 -0.050459014
12 2 0.002625121
13 2 -0.052543066
14 2 -0.027936611
15 2 -0.026785376
16 2 -0.997959311
17 2 -0.057963617
18 2 -0.070706626
19 2 0.006003762
20 2 -0.070692005
21 2 -0.041377021
22 2 -0.014790428
23 2 -0.997434318
24 2 -0.070043088
25 2 -0.086307018
26 2 0.007929647
27 2 -0.094695255
28 2 -0.048760204
29 2 -0.030979640
30 2 -0.999376380
31 2 -0.016944426
32 2 -0.102838565
33 2 0.005289181
34 2 -0.123933470
35 2 -0.053980932
36 2 -0.069811748
37 2 -0.996835367
38 2 0.038020770
39 2 -0.115711243
40 2 0.002341813
41 2 -0.151065686
42 2 -0.052926538
43 2 -0.094070077
44 2 -0.992213063
45 2 0.081633681
46 2 -0.123267282
47 2 -0.003379220
48 2 -0.183119043
49 2 -0.049409685
50 2 -0.059394503
51 2 -0.982618355
52 2 0.175879110
53 2 -0.137807140
54 2 -0.026919003
55 2 -0.196931241
56 2 -0.048693285
57 2 0.027454952
58 2 -0.983560972
59 2 0.178477023
60 2 -0.172711490
61 2 -0.039795264
62 2 -0.192737814
63 2 -0.043261673
64 2 -0.001264209
65 2 -0.991136212
66 2 0.132843581
67 2 -0.174508691
68 2 -0.029909901
69 2 -0.224815910
70 2 -0.050923763
71 2 -0.011906700
72 2 -0.997101536
73 2 0.075144902
74 2 -0.183961042
75 2 -0.016527231
76 2 -0.248448971
77 2 -0.063277017
78 2 -0.039097024
79 2 -0.996519339
80 2 0.073624926
81 2 -0.177718592
82 2 -0.013321433
83 2 -0.274680458
84 2 -0.071570726
85 2 -0.099166758
86 2 -0.991472309
87 2 0.084549450
88 2 -0.159958331
89 2 -0.010669912
90 2 -0.312733933
91 2 -0.077509866
92 2 -0.132496245
93 2 -0.985933217
94 2 0.101884423
95 2 -0.150029152
96 2 -0.014354348
97 2 -0.334013021
98 2 -0.080449964
99 2 -0.171116663
100 2 -0.978964861
101 2 0.111116554
102 2 -0.118703776
103 2 -0.019908964
104 2 -0.358203701
105 2 -0.087753325
106 2 -0.170499975
107 2 -0.982793819
108 2 0.071035719
109 2 -0.092100948
110 2 -0.010837348
111 2 -0.370997715
112 2 -0.091147665
113 2 -0.211961948
114 2 -0.976741125
115 2 -0.032386885
116 2 -0.057265460
117 2 0.024992405
118 2 -0.378950431
119 2 -0.093172254
120 2 -0.230917979
121 2 -0.962646830
122 2 -0.141378839
123 2 -0.037751463
124 2 0.064591180
125 2 -0.378140067
126 2 -0.094540516
1 3 0.000000008
2 3 0.000000070
3 3 17.000000548
4 3 0.000968403
5 3 0.000856426
6 3 -0.000000059
7 3 -0.006653423
8 3 0.104133764
9 3 0.019074287
10 3 -0.994380377
11 3 -0.026414402
12 3 0.047879003
13 3 -0.001847759
14 3 0.055683921
15 3 0.144819509
16 3 0.053498743
17 3 -0.988010802
18 3 -0.039320706
19 3 0.061246126
20 3 -0.002447116
21 3 0.080260293
22 3 0.215451596
23 3 0.065226033
24 3 -0.974333809
25 3 -0.046512325
26 3 0.075435347
27 3 -0.005235172
28 3 0.104762862
29 3 0.242009391
30 3 0.008948242
31 3 -0.970232711
32 3 -0.049394014
33 3 0.097188150
34 3 -0.011424241
35 3 0.129851434
36 3 0.267685713
37 3 -0.055435642
38 3 -0.961910302
39 3 -0.042887993
40 3 0.116861827
41 3 -0.018669938
42 3 0.152223698
43 3 0.320476360
44 3 -0.107812330
45 3 -0.941101263
46 3 -0.034042746
47 3 0.135238162
48 3 -0.027085534
49 3 0.176063319
50 3 0.309894207
51 3 -0.185635105
52 3 -0.932472627
53 3 -0.037538907
54 3 0.143430905
55 3 -0.041029532
56 3 0.192881392
57 3 0.372776698
58 3 -0.155591066
59 3 -0.914783651
60 3 -0.043368903
61 3 0.112215890
62 3 -0.036759152
63 3 0.233683334
64 3 0.423564557
65 3 -0.120869304
66 3 -0.897765927
67 3 -0.045963756
68 3 0.127558079
69 3 -0.038859220
70 3 0.254144695
71 3 0.443987359
72 3 -0.072607784
73 3 -0.893086435
74 3 -0.055009578
75 3 0.139561961
76 3 -0.038693686
77 3 0.275399591
78 3 0.512340892
79 3 -0.083250740
80 3 -0.854737503
81 3 -0.055737337
82 3 0.144024107
83 3 -0.047437494
84 3 0.293656514
85 3 0.624875601
86 3 -0.128174086
87 3 -0.770131111
88 3 -0.045916305
89 3 0.142870976
90 3 -0.061034157
91 3 0.321349027
92 3 0.687706441
93 3 -0.165466303
94 3 -0.706881047
95 3 -0.039497209
96 3 0.135301352
97 3 -0.070097130
98 3 0.340546045
99 3 0.777529596
100 3 -0.203445150
101 3 -0.595027555
102 3 -0.031729063
103 3 0.123621986
104 3 -0.083728131
105 3 0.356654966
106 3 0.833982633
107 3 -0.182326404
108 3 -0.520797516
109 3 -0.027649331
110 3 0.119036907
111 3 -0.085950176
112 3 0.363628444
113 3 0.874979228
114 3 -0.174909032
115 3 -0.451462312
116 3 -0.015842547
117 3 0.125448693
118 3 -0.079306767
119 3 0.365936978
120 3 0.896078323
121 3 -0.153794866
122 3 -0.416402246
123 3 -0.009588242
124 3 0.130518106
125 3 -0.068839251
126 3 0.368307374
1 4 -0.000000184
2 4 0.006653430
3 4 0.000968403
4 4 17.000006196
5 4 0.000000067
6 4 -0.000000165
7 4 0.000000391
8 4 0.000000000
9 4 0.000000000
10 4 0.000000000
11 4 -0.994143908
12 4 0.031028760
13 4 -0.103513806
14 4 -0.000000055
15 4 0.000009695
16 4 -0.000627470
17 4 -0.000219480
18 4 -0.989147982
19 4 0.034873653
20 4 -0.143136603
21 4 -0.000011654
22 4 -0.000021594
23 4 -0.000880204
24 4 -0.000022788
25 4 -0.976476702
26 4 0.029505709
27 4 -0.214017203
28 4 -0.000047071
29 4 0.000004397
30 4 -0.000434456
31 4 -0.000078822
32 4 -0.969827681
33 4 0.034167633
34 4 -0.241636081
35 4 -0.000014044
36 4 -0.000066382
37 4 -0.001065340
38 4 0.000011702
39 4 -0.961098671
40 4 0.056981047
41 4 -0.270870399
42 4 -0.000051895
43 4 -0.000058114
44 4 -0.000685916
45 4 0.000036471
46 4 -0.942659727
47 4 0.062368340
48 4 -0.328249487
49 4 -0.000030465
50 4 0.000000000
51 4 0.000000000
52 4 0.000000000
53 4 -0.948914032
54 4 0.000879847
55 4 -0.315533435
56 4 0.000000022
57 4 0.000050212
58 4 -0.000908784
59 4 0.000101112
60 4 -0.927675568
61 4 -0.091676116
62 4 -0.362555357
63 4 -0.000023711
64 4 0.000081983
65 4 -0.000753452
66 4 -0.000077931
67 4 -0.906002536
68 4 -0.055129930
69 4 -0.420136136
70 4 0.000012250
71 4 0.000065603
72 4 -0.001045640
73 4 -0.000078659
74 4 -0.896154157
75 4 -0.022722347
76 4 -0.443829172
77 4 -0.000017311
78 4 0.000000000
79 4 0.000000000
80 4 0.000000000
81 4 -0.857891762
82 4 -0.004303367
83 4 -0.513812428
84 4 -0.000000002
85 4 0.000082369
86 4 -0.000076711
87 4 -0.000103764
88 4 -0.774416673
89 4 0.023558073
90 4 -0.632284548
91 4 0.000040783
92 4 0.000055480
93 4 -0.000215743
94 4 -0.000063872
95 4 -0.713830456
96 4 0.023605755
97 4 -0.700031022
98 4 0.000024530
99 4 0.000000000
100 4 0.000000000
101 4 0.000000000
102 4 -0.605117175
103 4 0.015422728
104 4 -0.795987022
105 4 0.000000004
106 4 0.000000000
107 4 0.000000000
108 4 0.000000000
109 4 -0.524788277
110 4 0.029553405
111 4 -0.850719643
112 4 -0.000000013
113 4 0.000000000
114 4 0.000000000
115 4 0.000000000
116 4 -0.435297030
117 4 0.124030666
118 4 -0.891702232
119 4 -0.000000002
120 4 0.000000000
121 4 0.000000000
122 4 0.000000000
123 4 -0.379104959
124 4 0.222841269
125 4 -0.898120924
126 4 -0.000000013
1 5 -0.006653756
2 5 -0.000000006
3 5 0.000856426
4 5 0.000000067
5 5 17.000005784
6 5 0.000000659
7 5 0.000000222
8 5 -0.000000000
9 5 0.000000000
10 5 0.000000000
11 5 -0.028879930
12 5 -0.999336485
13 5 -0.022193724
14 5 0.000000002
15 5 0.000644797
16 5 -0.000017361
17 5 0.000001749
18 5 -0.026786473
19 5 -0.998003505
20 5 -0.057992927
21 5 0.000045492
22 5 0.000839096
23 5 -0.000031986
24 5 0.000278751
25 5 -0.014778230
26 5 -0.997530474
27 5 -0.070090844
28 5 0.000055537
29 5 0.000496249
30 5 -0.000012140
31 5 -0.000191350
32 5 -0.030990793
33 5 -0.999402963
34 5 -0.016971693
35 5 0.000081235
36 5 0.001010133
37 5 -0.000057599
38 5 0.000343645
39 5 -0.069805500
40 5 -0.997007102
41 5 0.037973724
42 5 0.000113173
43 5 0.000678515
44 5 -0.000052732
45 5 0.000140861
46 5 -0.094073651
47 5 -0.992324877
48 5 0.081609077
49 5 0.000107644
50 5 -0.000000000
51 5 0.000000000
52 5 0.000000000
53 5 -0.059394501
54 5 -0.982618354
55 5 0.175879122
56 5 -0.000000005
57 5 0.000807918
58 5 0.000100056
59 5 0.000427241
60 5 0.027480140
61 5 -0.983788830
62 5 0.178482867
63 5 0.000083403
64 5 0.000716503
65 5 0.000026429
66 5 0.000204510
67 5 -0.001253916
68 5 -0.991311354
69 5 0.132830213
70 5 0.000126402
71 5 0.000933339
72 5 0.000022691
73 5 0.000449408
74 5 -0.011881597
75 5 -0.997389243
76 5 0.075107347
77 5 0.000149576
78 5 -0.000000000
79 5 0.000000000
80 5 -0.000000000
81 5 -0.039096988
82 5 -0.996519339
83 5 0.073624879
84 5 -0.000000035
85 5 0.000225958
86 5 -0.000038345
87 5 -0.000184708
88 5 -0.099178969
89 5 -0.991450561
90 5 0.084529924
91 5 0.000101044
92 5 0.000285057
93 5 -0.000039132
94 5 -0.000007982
95 5 -0.132502396
96 5 -0.985974459
97 5 0.101865479
98 5 0.000097807
99 5 -0.000000000
100 5 0.000000000
101 5 -0.000000000
102 5 -0.171116717
103 5 -0.978964915
104 5 0.111116614
105 5 0.000000014
106 5 -0.000000000
107 5 0.000000000
108 5 -0.000000000
109 5 -0.170499913
110 5 -0.982793876
111 5 0.071035723
112 5 0.000000008
113 5 -0.000000000
114 5 0.000000000
115 5 -0.000000000
116 5 -0.211961932
117 5 -0.976741157
118 5 -0.032386958
119 5 0.000000005
120 5 -0.000000000
121 5 0.000000000
122 5 -0.000000000
123 5 -0.230917986
124 5 -0.962646895
125 5 -0.141378818
126 5 0.000000030
1 6 -0.000968426
2 6 -0.000857335
3 6 -0.000000059
4 6 -0.000000165
5 6 0.000000659
6 6 17.000000974
7 6 0.000000167
8 6 -0.000000000
9 6 0.000000000
10 6 0.000000000
11 6 0.104133765
12 6 0.019074289
13 6 -0.994380373
14 6 0.000000058
15 6 0.000185081
16 6 0.000084222
17 6 0.000031722
18 6 0.144826646
19 6 0.053483816
20 6 -0.988012789
21 6 0.000014821
22 6 -0.000040259
23 6 -0.000091323
24 6 -0.000015020
25 6 0.215443225
26 6 0.065230808
27 6 -0.974340413
28 6 -0.000007588
29 6 0.000080849
30 6 0.000302991
31 6 0.000022978
32 6 0.242041519
33 6 0.008937120
34 6 -0.970198837
35 6 0.000023523
36 6 0.000024942
37 6 -0.000058314
38 6 0.000010310
39 6 0.267679237
40 6 -0.055440166
41 6 -0.961920251
42 6 0.000000426
43 6 0.000028397
44 6 0.000088657
45 6 -0.000000492
46 6 0.320487513
47 6 -0.107815826
48 6 -0.941085331
49 6 0.000007180
50 6 -0.000000000
51 6 0.000000000
52 6 0.000000000
53 6 0.309894197
54 6 -0.185635115
55 6 -0.932472622
56 6 -0.000000000
57 6 0.000065613
58 6 -0.000097138
59 6 0.000043275
60 6 0.372760077
61 6 -0.155611240
62 6 -0.914803762
63 6 0.000003436
64 6 0.000177401
65 6 0.000126450
66 6 0.000066697
67 6 0.423589109
68 6 -0.120916286
69 6 -0.897742035
70 6 0.000031564
71 6 0.000157111
72 6 0.000015432
73 6 0.000076872
74 6 0.443993826
75 6 -0.072656498
76 6 -0.893089852
77 6 0.000025498
78 6 -0.000000000
79 6 0.000000000
80 6 0.000000000
81 6 0.512340860
82 6 -0.083250753
83 6 -0.854737484
84 6 -0.000000003
85 6 0.000137956
86 6 0.000282557
87 6 0.000064922
88 6 0.624924041
89 6 -0.128217403
90 6 -0.770045542
91 6 0.000042548
92 6 0.000112606
93 6 0.000202436
94 6 0.000062090
95 6 0.687738868
96 6 -0.165504833
97 6 -0.706814157
98 6 0.000032871
99 6 -0.000000000
100 6 0.000000000
101 6 0.000000000
102 6 0.777529593
103 6 -0.203445181
104 6 -0.595027552
105 6 0.000000002
106 6 -0.000000000
107 6 0.000000000
108 6 0.000000000
109 6 0.833982638
110 6 -0.182326397
111 6 -0.520797510
112 6 0.000000002
113 6 -0.000000000
114 6 0.000000000
115 6 0.000000000
116 6 0.874979233
117 6 -0.174909032
118 6 -0.451462307
119 6 0.000000015
120 6 -0.000000000
121 6 0.000000000
122 6 0.000000000
123 6 0.896078287
124 6 -0.153794862
125 6 -0.416402240
126 6 0.000000011
1 7 -0.000856431
2 7 0.000968389
3 7 -0.006653423
4 7 0.000000391
5 7 0.000000222
6 7 0.000000167
7 7 17.000004162
8 7 0.000000000
9 7 -0.000000000
10 7 0.000000000
11 7 0.000000111
12 7 -0.000000111
13 7 -0.000000000
14 7 -0.999999943
15 7 -0.000007685
16 7 -0.000221634
17 7 0.000633290
18 7 0.000012403
19 7 -0.000045130
20 7 -0.000015624
21 7 -1.000053351
22 7 -0.000279679
23 7 -0.000014891
24 7 0.000840182
25 7 0.000043587
26 7 -0.000057276
27 7 0.000013476
28 7 -1.000096956
29 7 0.000188739
30 7 -0.000087906
31 7 0.000495053
32 7 0.000016811
33 7 -0.000081443
34 7 -0.000020829
35 7 -1.000031522
36 7 -0.000342467
37 7 0.000032457
38 7 0.001012111
39 7 0.000042197
40 7 -0.000115703
41 7 0.000017954
42 7 -1.000170577
43 7 -0.000137431
44 7 0.000047794
45 7 0.000679890
46 7 0.000020746
47 7 -0.000109560
48 7 0.000011851
49 7 -1.000110455
50 7 0.000000000
51 7 0.000000000
52 7 0.000000000
53 7 0.000000111
54 7 0.000000111
55 7 -0.000000000
56 7 -0.999999943
57 7 -0.000436179
58 7 0.000065952
59 7 0.000809376
60 7 0.000025558
61 7 -0.000080281
62 7 0.000020315
63 7 -1.000228878
64 7 -0.000206446
65 7 -0.000098592
66 7 0.000736028
67 7 0.000002050
68 7 -0.000129991
69 7 -0.000016903
70 7 -1.000181808
71 7 -0.000451820
72 7 -0.000099313
73 7 0.000943365
74 7 0.000025019
75 7 -0.000150701
76 7 -0.000003821
77 7 -1.000294824
78 7 0.000000000
79 7 0.000000000
80 7 0.000000000
81 7 0.000000111
82 7 -0.000000000
83 7 -0.000000000
84 7 -0.999999999
85 7 0.000172361
86 7 -0.000139242
87 7 0.000239760
88 7 -0.000015212
89 7 -0.000104683
90 7 -0.000050050
91 7 -0.999988750
92 7 -0.000003910
93 7 -0.000089351
94 7 0.000298409
95 7 -0.000007877
96 7 -0.000101229
97 7 -0.000030430
98 7 -1.000048842
99 7 -0.000000000
100 7 0.000000000
101 7 0.000000000
102 7 0.000000111
103 7 -0.000000000
104 7 -0.000000000
105 7 -0.999999943
106 7 -0.000000000
107 7 0.000000000
108 7 0.000000000
109 7 -0.000000000
110 7 -0.000000000
111 7 -0.000000111
112 7 -0.999999999
113 7 -0.000000000
114 7 -0.000000000
115 7 0.000000000
116 7 0.000000111
117 7 -0.000000000
118 7 -0.000000000
119 7 -0.999999943
120 7 -0.000000000
121 7 -0.000000000
122 7 0.000000000
123 7 -0.000000111
124 7 -0.000000000
125 7 0.000000055
126 7 -0.999999832
1 8 -0.994143906
2 8 -0.028879938
3 8 0.104133764
4 8 0.000000000
5 8 -0.000000000
6 8 -0.000000000
7 8 0.000000000
8 8 3.000000116
9 8 -0.000000001
10 8 -0.000000013
11 8 -0.000000088
12 8 -0.050543178
13 8 -0.027669694
14 8 0.053287086
15 8 -0.999157512
16 8 0.000262341
17 8 -0.041041739
18 8 -0.000578193
19 8 0.022348039
20 8 0.014221540
21 8 -0.015686809
127 8 -0.452770456
128 8 0.250900371
129 8 -0.855597982
130 8 0.013070656
131 8 0.301442831
132 8 0.081479976
133 8 -0.098915657
1 9 0.031028759
2 9 -0.999336473
3 9 0.019074287
4 9 0.000000000
5 9 0.000000000
6 9 0.000000000
7 9 -0.000000000
8 9 -0.000000001
9 9 3.000000055
10 9 0.000000054
11 9 0.050543162
12 9 -0.000000086
13 9 0.053286990
14 9 0.027669707
15 9 0.001160467
16 9 -0.999399251
17 9 -0.034639644
18 9 -0.022165099
19 9 0.000549754
20 9 -0.016600964
21 9 -0.013450173
127 9 -0.242871105
128 9 -0.958011094
129 9 -0.152408579
130 9 -0.052952394
131 9 0.062639715
132 9 -0.309358714
133 9 -0.070932487
1 10 -0.103513805
2 10 -0.022193731
3 10 -0.994380377
4 10 0.000000000
5 10 0.000000000
6 10 0.000000000
7 10 0.000000000
8 10 -0.000000013
9 10 0.000000054
10 10 3.000000060
11 10 0.027669707
12 10 -0.053287091
13 10 -0.000000032
14 10 -0.050543191
15 10 0.041026178
16 10 0.034657977
17 10 -0.998556862
18 10 -0.013457069
19 10 0.015680934
20 10 -0.000008623
21 10 0.022827907
127 10 0.857911800
128 10 -0.138793922
129 10 -0.494695556
130 10 -0.008092430
131 10 0.112559566
132 10 -0.045614298
133 10 0.304377491
1 11 -0.001300994
2 11 -0.050459014
3 11 -0.026414402
4 11 -0.994143908
5 11 -0.028879930
6 11 0.104133765
7 11 0.000000111
8 11 -0.000000088
9 11 0.050543162
10 11 0.027669707
11 11 3.003246099
12 11 -0.001468854
13 11 0.002662269
14 11 -0.000000002
15 11 0.000006975
16 11 -0.000656263
17 11 -0.000171907
18 11 -0.999174184
19 11 0.000265036
20 11 -0.041052726
21 11 -0.000005496
127 11 -0.000000000
128 11 -0.000000002
129 11 -0.000000000
130 11 -0.452770451
131 11 0.250900369
132 11 -0.855597988
133 11 -0.000000116
1 12 0.055114086
2 12 0.002625121
3 12 0.047879003
4 12 0.031028760
5 12 -0.999336485
6 12 0.019074289
7 12 -0.000000111
8 12 -0.050543178
9 12 -0.000000086
10 12 -0.053287091
11 12 -0.001468854
12 12 3.005337428
13 12 0.001372893
14 12 0.000000125
15 12 0.000664833
16 12 0.000002901
17 12 -0.000058888
18 12 0.001159696
19 12 -0.999412709
20 12 -0.034649080
21 12 0.000012345
127 12 -0.000000002
128 12 -0.000000001
129 12 -0.000000003
130 12 -0.242871158
131 12 -0.958011188
132 12 -0.152408622
133 12 0.000000018
1 13 0.029015448
2 13 -0.052543066
3 13 -0.001847759
4 13 -0.103513806
5 13 -0.022193724
6 13 -0.994380373
7 13 -0.000000000
8 13 -0.027669694
9 13 0.053286990
10 13 -0.000000032
11 13 0.002662269
12 13 0.001372893
13 13 3.003606164
14 13 -0.000000227
15 13 0.000148966
16 13 0.000086195
17 13 0.000009140
18 13 0.041028169
19 13 0.034654598
20 13 -0.998557544
21 13 0.000003609
127 13 -0.000000009
128 13 -0.000000003
129 13 -0.000000000
130 13 0.857911726
131 13 -0.138793925
132 13 -0.494695573
133 13 0.000000108
1 14 -0.047043391
2 14 -0.027936611
3 14 0.055683921
4 14 -0.000000055
5 14 0.000000002
6 14 0.000000058
7 14 -0.999999943
8 14 0.053287086
9 14 0.027669707
10 14 -0.050543191
11 14 -0.000000002
12 14 0.000000125
13 14 -0.000000227
14 14 3.006094754
15 14 0.000059145
16 14 -0.000172067
17 14 0.000659262
18 14 0.000005595
19 14 -0.000012235
20 14 -0.000003586
21 14 -1.000015818
127 14 -0.000000004
128 14 -0.000000003
129 14 0.000000001
130 14 -0.000000003
131 14 0.000000107
132 14 -0.000000001
133 14 -1.000000056
1 15 -0.989095566
2 15 -0.026785376
3 15 0.144819509
4 15 0.000009695
5 15 0.000644797
6 15 0.000185081
7 15 -0.000007685
8 15 -0.999157512
9 15 0.001160467
10 15 0.041026178
11 15 0.000006975
12 15 0.000664833
13 15 0.000148966
14 15 0.000059145
15 15 3.000000201
16 15 -0.000000022
17 15 -0.000000001
18 15 -0.000000196
19 15 -0.090010068
20 15 -0.057726624
21 15 0.088598693
22 15 -0.997353061
23 15 -0.006982647
24 15 -0.072374821
25 15 -0.000773985
26 15 0.021422239
27 15 0.008598920
28 15 -0.017641272
1 16 0.034858506
2 16 -0.997959311
3 16 0.053498743
4 16 -0.000627470
5 16 -0.000017361
6 16 0.000084222
7 16 -0.000221634
8 16 0.000262341
9 16 -0.999399251
10 16 0.034657977
11 16 -0.000656263
12 16 0.000002901
13 16 0.000086195
14 16 -0.000172067
15 16 -0.000000022
16 16 3.000000059
17 16 0.000000084
18 16 0.090010020
19 16 -0.000000127
20 16 0.088598463
21 16 0.057726634
22 16 0.007749280
23 16 -0.999916746
24 16 -0.010317056
25 16 -0.020182817
26 16 0.000041189
27 16 -0.019151219
28 16 -0.008399436
1 17 -0.143090998
2 17 -0.057963617
3 17 -0.988010802
4 17 -0.000219480
5 17 0.000001749
6 17 0.000031722
7 17 0.000633290
8 17 -0.041041739
9 17 -0.034639644
10 17 -0.998556862
11 17 -0.000171907
12 17 -0.000058888
13 17 0.000009140
14 17 0.000659262
15 17 -0.000000001
16 17 0.000000084
17 17 3.000000152
18 17 0.057726656
19 17 -0.088598722
20 17 -0.000000045
21 17 -0.090010050
22 17 0.072296766
23 17 0.010850598
24 17 -0.997324139
25 17 -0.008513905
26 17 0.017581152
27 17 -0.000425902
28 17 0.021515187
1 18 -0.003842305
2 18 -0.070706626
3 18 -0.039320706
4 18 -0.989147982
5 18 -0.026786473
6 18 0.144826646
7 18 0.000012403
8 18 -0.000578193
9 18 -0.022165099
10 18 -0.013457069
11 18 -0.999174184
12 18 0.001159696
13 18 0.041028169
14 18 0.000005595
15 18 -0.000000196
16 18 0.090010020
17 18 0.057726656
18 18 3.007233213
19 18 -0.003368151
20 18 0.005279526
21 18 0.000000042
22 18 -0.000000007
23 18 0.000000003
24 18 -0.000000000
25 18 -0.997353062
26 18 -0.006982648
27 18 -0.072374817
28 18 0.000000001
1 19 0.077882916
2 19 0.006003762
3 19 0.061246126
4 19 0.034873653
5 19 -0.998003505
6 19 0.053483816
7 19 -0.000045130
8 19 0.022348039
9 19 0.000549754
10 19 0.015680934
11 19 0.000265036
12 19 -0.999412709
13 19 0.034654598
14 19 -0.000012235
15 19 -0.090010068
16 19 -0.000000127
17 19 -0.088598722
18 19 -0.003368151
19 19 3.010598649
20 19 0.003280647
21 19 -0.000000035
22 19 0.000000007
23 19 0.000000000
24 19 0.000000001
25 19 0.007749284
26 19 -0.999916779
27 19 -0.010317050
28 19 0.000000111
1 20 0.045533088
2 20 -0.070692005
3 20 -0.002447116
4 20 -0.143136603
5 20 -0.057992927
6 20 -0.988012789
7 20 -0.000015624
8 20 0.014221540
9 20 -0.016600964
10 20 -0.000008623
11 20 -0.041052726
12 20 -0.034649080
13 20 -0.998557544
14 20 -0.000003586
15 20 -0.057726624
16 20 0.088598463
17 20 -0.000000045
18 20 0.005279526
19 20 0.003280647
20 20 3.007554595
21 20 -0.000000218
22 20 0.000000001
23 20 0.000000000
24 20 -0.000000007
25 20 0.072296752
26 20 0.010850589
27 20 -0.997324143
28 20 0.000000112
1 21 -0.059926066
2 21 -0.041377021
3 21 0.080260293
4 21 -0.000011654
5 21 0.000045492
6 21 0.000014821
7 21 -1.000053351
8 21 -0.015686809
9 21 -0.013450173
10 21 0.022827907
11 21 -0.000005496
12 21 0.000012345
13 21 0.000003609
14 21 -1.000015818
15 21 0.088598693
16 21 0.057726634
17 21 -0.090010050
18 21 0.000000042
19 21 -0.000000035
20 21 -0.000000218
21 21 3.012692943
22 21 -0.000000015
23 21 -0.000000011
24 21 0.000000020
25 21 0.000000004
26 21 -0.000000012
27 21 0.000000109
28 21 -1.000000055
1 22 -0.976402614
2 22 -0.014790428
3 22 0.215451596
4 22 -0.000021594
5 22 0.000839096
6 22 -0.000040259
7 22 -0.000279679
15 22 -0.997353061
16 22 0.007749280
17 22 0.072296766
18 22 -0.000000007
19 22 0.000000007
20 22 0.000000001
21 22 -0.000000015
22 22 3.000000123
23 22 -0.000000012
24 22 0.000000007
25 22 -0.000000018
26 22 -0.102735755
27 22 -0.062169430
28 22 0.114515417
29 22 -0.999494378
30 22 0.016642991
31 22 -0.027093031
32 22 0.000193338
33 22 0.020055920
34 22 0.005188149
35 22 -0.026383086
1 23 0.029501734
2 23 -0.997434318
3 23 0.065226033
4 23 -0.000880204
5 23 -0.000031986
6 23 -0.000091323
7 23 -0.000014891
15 23 -0.006982647
16 23 -0.999916746
17 23 0.010850598
18 23 0.000000003
19 23 0.000000000
20 23 0.000000000
21 23 -0.000000011
22 23 -0.000000012
23 23 3.000000005
24 23 0.000000026
25 23 0.102735767
26 23 -0.000000063
27 23 0.114515209
28 23 0.062169441
29 23 -0.018075332
30 23 -0.998403688
31 23 0.053510545
32 23 -0.019049645
33 23 -0.001095303
34 23 -0.026870660
35 23 -0.006256220
1 24 -0.213934092
2 24 -0.070043088
3 24 -0.974333809
4 24 -0.000022788
5 24 0.000278751
6 24 -0.000015020
7 24 0.000840182
15 24 -0.072374821
16 24 -0.010317056
17 24 -0.997324139
18 24 -0.000000000
19 24 0.000000001
20 24 -0.000000007
21 24 0.000000020
22 24 0.000000007
23 24 0.000000026
24 24 3.000000088
25 24 0.062169381
26 24 -0.114515375
27 24 -0.000000007
28 24 -0.102735761
29 24 0.026159196
30 24 -0.053973221
31 24 -0.998199675
32 24 -0.005776173
33 24 0.026445070
34 24 -0.001581267
35 24 0.019749784
1 25 -0.008955972
2 25 -0.086307018
3 25 -0.046512325
4 25 -0.976476702
5 25 -0.014778230
6 25 0.215443225
7 25 0.000043587
15 25 -0.000773985
16 25 -0.020182817
17 25 -0.008513905
18 25 -0.997353062
19 25 0.007749284
20 25 0.072296752
21 25 0.000000004
22 25 -0.000000018
23 25 0.102735767
24 25 0.062169381
25 25 3.010173112
26 25 -0.005267517
27 25 0.008308705
28 25 -0.000000172
29 25 0.000006174
30 25 0.000138461
31 25 -0.000141858
32 25 -0.999492368
33 25 0.016646714
34 25 -0.027089314
35 25 0.000003677
1 26 0.101313628
2 26 0.007929647
3 26 0.075435347
4 26 0.029505709
5 26 -0.997530474
6 26 0.065230808
7 26 -0.000057276
15 26 0.021422239
16 26 0.000041189
17 26 0.017581152
18 26 -0.006982648
19 26 -0.999916779
20 26 0.010850589
21 26 -0.000000012
22 26 -0.102735755
23 26 -0.000000063
24 26 -0.114515375
25 26 -0.005267517
26 26 3.016785995
27 26 0.004586779
28 26 -0.000000003
29 26 -0.000138014
30 26 -0.000013658
31 26 -0.000302060
32 26 -0.018077000
33 26 -0.998392856
34 26 0.053510816
35 26 0.000002039
1 27 0.054846641
2 27 -0.094695255
3 27 -0.005235172
4 27 -0.214017203
5 27 -0.070090844
6 27 -0.974340413
7 27 0.000013476
15 27 0.008598920
16 27 -0.019151219
17 27 -0.000425902
18 27 -0.072374817
19 27 -0.010317050
20 27 -0.997324143
21 27 0.000000109
22 27 -0.062169430
23 27 0.114515209
24 27 -0.000000007
25 27 0.008308705
26 27 0.004586779
27 27 3.012443860
28 27 -0.000000232
29 27 0.000139663
30 27 0.000295935
31 27 -0.000012346
32 27 0.026164865
33 27 -0.053975556
34 27 -0.998192355
35 27 0.000005522
1 28 -0.074187198
2 28 -0.048760204
3 28 0.104762862
4 28 -0.000047071
5 28 0.000055537
6 28 -0.000007588
7 28 -1.000096956
15 28 -0.017641272
16 28 -0.008399436
17 28 0.021515187
18 28 0.000000001
19 28 0.000000111
20 28 0.000000112
21 28 -1.000000055
22 28 0.114515417
23 28 0.062169441
24 28 -0.102735761
25 28 -0.000000172
26 28 -0.000000003
27 28 -0.000000232
28 28 3.019701514
29 28 0.000299862
30 28 -0.000146981
31 28 -0.000130374
32 28 -0.000003404
33 28 -0.000002324
34 28 -0.000005391
35 28 -0.999990190
1 29 -0.969779266
2 29 -0.030979640
3 29 0.242009391
4 29 0.000004397
5 29 0.000496249
6 29 0.000080849
7 29 0.000188739
22 29 -0.999494378
23 29 -0.018075332
24 29 0.026159196
25 29 0.000006174
26 29 -0.000138014
27 29 0.000139663
28 29 0.000299862
29 29 3.000000066
30 29 0.000000006
31 29 0.000000028
32 29 -0.000000004
33 29 -0.121357877
34 29 -0.056591644
35 29 0.152617660
36 29 -0.998877633
37 29 0.037787550
38 29 -0.028558399
39 29 0.000693341
40 29 0.016534343
41 29 -0.002372928
42 29 -0.023114249
1 30 0.034158174
2 30 -0.999376380
3 30 0.008948242
4 30 -0.000434456
5 30 -0.000012140
6 30 0.000302991
7 30 -0.000087906
22 30 0.016642991
23 30 -0.998403688
24 30 -0.053973221
25 30 0.000138461
26 30 -0.000013658
27 30 0.000295935
28 30 -0.000146981
29 30 0.000000006
30 30 3.000000009
31 30 0.000000013
32 30 0.121357829
33 30 0.000000022
34 30 0.152617563
35 30 0.056591575
36 30 -0.039338446
37 30 -0.997663822
38 30 0.055851403
39 30 -0.016027058
40 30 -0.000686099
41 30 -0.023544319
42 30 0.001445556
1 31 -0.241581275
2 31 -0.016944426
3 31 -0.970232711
4 31 -0.000078822
5 31 -0.000191350
6 31 0.000022978
7 31 0.000495053
22 31 -0.027093031
23 31 0.053510545
24 31 -0.998199675
25 31 -0.000141858
26 31 -0.000302060
27 31 -0.000012346
28 31 -0.000130374
29 31 0.000000028
30 31 0.000000013
31 31 3.000000067
32 31 0.056591591
33 31 -0.152617592
34 31 0.000000025
35 31 -0.121357846
36 31 0.026381189
37 31 -0.056912144
38 31 -0.998030575
39 31 0.002353214
40 31 0.023005538
41 31 -0.001249674
42 31 0.016655570
1 32 -0.009041150
2 32 -0.102838565
3 32 -0.049394014
4 32 -0.969827681
5 32 -0.030990793
6 32 0.242041519
7 32 0.000016811
22 32 0.000193338
23 32 -0.019049645
24 32 -0.005776173
25 32 -0.999492368
26 32 -0.018077000
27 32 0.026164865
28 32 -0.000003404
29 32 -0.000000004
30 32 0.121357829
31 32 0.056591591
32 32 3.013493645
33 32 -0.006641416
34 32 0.013338019
35 32 -0.000000113
36 32 0.000000000
37 32 -0.000000004
38 32 -0.000000014
39 32 -0.998877626
40 32 0.037787553
41 32 -0.028558397
42 32 -0.000000056
1 33 0.129287434
2 33 0.005289181
3 33 0.097188150
4 33 0.034167633
5 33 -0.999402963
6 33 0.008937120
7 33 -0.000081443
22 33 0.020055920
23 33 -0.001095303
24 33 0.026445070
25 33 0.016646714
26 33 -0.998392856
27 33 -0.053975556
28 33 -0.000002324
29 33 -0.121357877
30 33 0.000000022
31 33 -0.152617592
32 33 -0.006641416
33 33 3.027291490
34 33 0.005381683
35 33 0.000000054
36 33 0.000000000
37 33 -0.000000001
38 33 -0.000000014
39 33 -0.039338389
40 33 -0.997663877
41 33 0.055851409
42 33 -0.000000025
1 34 0.054574357
2 34 -0.123933470
3 34 -0.011424241
4 34 -0.241636081
5 34 -0.016971693
6 34 -0.970198837
7 34 -0.000020829
22 34 0.005188149
23 34 -0.026870660
24 34 -0.001581267
25 34 -0.027089314
26 34 0.053510816
27 34 -0.998192355
28 34 -0.000005391
29 34 -0.056591644
30 34 0.152617563
31 34 0.000000025
32 34 0.013338019
33 34 0.005381683
34 34 3.019219914
35 34 0.000000042
36 34 0.000000015
37 34 0.000000009
38 34 -0.000000021
39 34 0.026381198
40 34 -0.056912182
41 34 -0.998030592
42 34 -0.000000055
1 35 -0.095403796
2 35 -0.053980932
3 35 0.129851434
4 35 -0.000014044
5 35 0.000081235
6 35 0.000023523
7 35 -1.000031522
22 35 -0.026383086
23 35 -0.006256220
24 35 0.019749784
25 35 0.000003677
26 35 0.000002039
27 35 0.000005522
28 35 -0.999990190
29 35 0.152617660
30 35 0.056591575
31 35 -0.121357846
32 35 -0.000000113
33 35 0.000000054
34 35 0.000000042
35 35 3.030003088
36 35 0.000000000
37 35 -0.000000004
38 35 -0.000000014
39 35 0.000000000
40 35 -0.000000110
41 35 -0.000000053
42 35 -1.000000221
1 36 -0.960973919
2 36 -0.069811748
3 36 0.267685713
4 36 -0.000066382
5 36 0.001010133
6 36 0.000024942
7 36 -0.000342467
29 36 -0.998877633
30 36 -0.039338446
31 36 0.026381189
32 36 0.000000000
33 36 0.000000000
34 36 0.000000015
35 36 0.000000000
36 36 3.000000114
37 36 -0.000000023
38 36 -0.000000012
39 36 0.000000082
40 36 -0.133273524
41 36 -0.034686169
42 36 0.177450120
43 36 -0.998143066
44 36 0.019525495
45 36 -0.057699027
46 36 0.000726461
47 36 0.017543698
48 36 -0.006631911
49 36 -0.024410283
1 37 0.056975046
2 37 -0.996835367
3 37 -0.055435642
4 37 -0.001065340
5 37 -0.000057599
6 37 -0.000058314
7 37 0.000032457
29 37 0.037787550
30 37 -0.997663822
31 37 -0.056912144
32 37 -0.000000004
33 37 -0.000000001
34 37 0.000000009
35 37 -0.000000004
36 37 -0.000000023
37 37 2.999999995
38 37 0.000000004
39 37 0.133273637
40 37 -0.000000035
41 37 0.177449887
42 37 0.034686133
43 37 -0.022303410
44 37 -0.998603111
45 37 0.047899617
46 37 -0.016436293
47 37 -0.000849876
48 37 -0.025371594
49 37 0.005793169
1 38 -0.270708635
2 38 0.038020770
3 38 -0.961910302
4 38 0.000011702
5 38 0.000343645
6 38 0.000010310
7 38 0.001012111
29 38 -0.028558399
30 38 0.055851403
31 38 -0.998030575
32 38 -0.000000014
33 38 -0.000000014
34 38 -0.000000021
35 38 -0.000000014
36 38 -0.000000012
37 38 0.000000004
38 38 3.000000059
39 38 0.034686261
40 38 -0.177449968
41 38 0.000000041
42 38 -0.133273579
43 38 0.056683164
44 38 -0.049097563
45 38 -0.997184238
46 38 0.006326731
47 38 0.024263104
48 38 -0.000834885
49 38 0.017853058
1 39 -0.003540673
2 39 -0.115711243
3 39 -0.042887993
4 39 -0.961098671
5 39 -0.069805500
6 39 0.267679237
7 39 0.000042197
29 39 0.000693341
30 39 -0.016027058
31 39 0.002353214
32 39 -0.998877626
33 39 -0.039338389
34 39 0.026381198
35 39 0.000000000
36 39 0.000000082
37 39 0.133273637
38 39 0.034686261
39 39 3.015503995
40 39 -0.005754057
41 39 0.018493740
42 39 -0.000000104
43 39 0.000010519
44 39 0.000122231
45 39 -0.000142122
46 39 -0.998140074
47 39 0.019528911
48 39 -0.057695882
49 39 0.000001682
1 40 0.154676002
2 40 0.002341813
3 40 0.116861827
4 40 0.056981047
5 40 -0.997007102
6 40 -0.055440166
7 40 -0.000115703
29 40 0.016534343
30 40 -0.000686099
31 40 0.023005538
32 40 0.037787553
33 40 -0.997663877
34 40 -0.056912182
35 40 -0.000000110
36 40 -0.133273524
37 40 -0.000000035
38 40 -0.177449968
39 40 -0.005754057
40 40 3.038390284
41 40 0.004391969
42 40 0.000000162
43 40 -0.000116800
44 40 -0.000008018
45 40 -0.000221299
46 40 -0.022301977
47 40 -0.998595697
48 40 0.047898566
49 40 0.000000598
1 41 0.045122917
2 41 -0.151065686
3 41 -0.018669938
4 41 -0.270870399
5 41 0.037973724
6 41 -0.961920251
7 41 0.000017954
29 41 -0.002372928
30 41 -0.023544319
31 41 -0.001249674
32 41 -0.028558397
33 41 0.055851409
34 41 -0.998030592
35 41 -0.000000053
36 41 -0.034686169
37 41 0.177449887
38 41 0.000000041
39 41 0.018493740
40 41 0.004391969
41 41 3.025767220
42 41 0.000000102
43 41 0.000140737
44 41 0.000211398
45 41 -0.000002446
46 41 0.056686604
47 41 -0.049099751
48 41 -0.997177915
49 41 0.000002029
1 42 -0.114207758
2 42 -0.052926538
3 42 0.152223698
4 42 -0.000051895
5 42 0.000113173
6 42 0.000000426
7 42 -1.000170577
29 42 -0.023114249
30 42 0.001445556
31 42 0.016655570
32 42 -0.000000056
33 42 -0.000000025
34 42 -0.000000055
35 42 -1.000000221
36 42 0.177450120
37 42 0.034686133
38 42 -0.133273579
39 42 -0.000000104
40 42 0.000000162
41 42 0.000000102
42 42 3.039831137
43 42 0.000218268
44 42 -0.000146545
45 42 -0.000109905
46 42 -0.000001637
47 42 -0.000000753
48 42 -0.000002086
49 42 -0.999991671
1 43 -0.942574093
2 43 -0.094070077
3 43 0.320476360
4 43 -0.000058114
5 43 0.000678515
6 43 0.000028397
7 43 -0.000137431
36 43 -0.998143066
37 43 -0.022303410
38 43 0.056683164
39 43 0.000010519
40 43 -0.000116800
41 43 0.000140737
42 43 0.000218268
43 43 3.000000084
44 43 -0.000000023
45 43 0.000000020
46 43 0.000000073
47 43 -0.142139839
48 43 -0.014598007
49 43 0.211864778
50 43 -0.999322694
51 43 -0.032114034
52 43 0.017966739
53 43 -0.000463126
54 43 0.011894194
55 43 -0.004499581
56 43 -0.017459651
1 44 0.062367818
2 44 -0.992213063
3 44 -0.107812330
4 44 -0.000685916
5 44 -0.000052732
6 44 0.000088657
7 44 0.000047794
36 44 0.019525495
37 44 -0.998603111
38 44 -0.049097563
39 44 0.000122231
40 44 -0.000008018
41 44 0.000211398
42 44 -0.000146545
43 44 -0.000000023
44 44 2.999999998
45 44 0.000000012
46 44 0.142139906
47 44 -0.000000040
48 44 0.211864588
49 44 0.014597902
50 44 0.033660116
51 44 -0.995035392
52 44 0.093656640
53 44 -0.012523445
54 44 -0.002038772
55 44 -0.017159588
56 44 0.003365524
1 45 -0.328122753
2 45 0.081633681
3 45 -0.941101263
4 45 0.000036471
5 45 0.000140861
6 45 -0.000000492
7 45 0.000679890
36 45 -0.057699027
37 45 0.047899617
38 45 -0.997184238
39 45 -0.000142122
40 45 -0.000221299
41 45 -0.000002446
42 45 -0.000109905
43 45 0.000000020
44 45 0.000000012
45 45 3.000000048
46 45 0.014598036
47 45 -0.211864795
48 45 -0.000000095
49 45 -0.142139846
50 45 -0.014869855
51 45 -0.094197969
52 45 -0.995442422
53 45 0.002775592
54 45 0.017481044
55 45 -0.001695671
56 45 0.012272110
1 46 0.000727692
2 46 -0.123267282
3 46 -0.034042746
4 46 -0.942659727
5 46 -0.094073651
6 46 0.320487513
7 46 0.000020746
36 46 0.000726461
37 46 -0.016436293
38 46 0.006326731
39 46 -0.998140074
40 46 -0.022301977
41 46 0.056686604
42 46 -0.000001637
43 46 0.000000073
44 46 0.142139906
45 46 0.014598036
46 46 3.016665052
47 46 -0.003876105
48 46 0.023924958
49 46 0.000000113
50 46 -0.000000014
51 46 0.000000000
52 46 -0.000000028
53 46 -0.999322692
54 46 -0.032114040
55 46 0.017966763
56 46 0.000000018
1 47 0.180019297
2 47 -0.003379220
3 47 0.135238162
4 47 0.062368340
5 47 -0.992324877
6 47 -0.107815826
7 47 -0.000109560
36 47 0.017543698
37 47 -0.000849876
38 47 0.024263104
39 47 0.019528911
40 47 -0.998595697
41 47 -0.049099751
42 47 -0.000000753
43 47 -0.142139839
44 47 -0.000000040
45 47 -0.211864795
46 47 -0.003876105
47 47 3.051604979
48 47 0.002624267
49 47 -0.000000106
50 47 -0.000000014
51 47 -0.000000008
52 47 -0.000000027
53 47 0.033660167
54 47 -0.995035373
55 47 0.093656646
56 47 0.000000071
1 48 0.032126819
2 48 -0.183119043
3 48 -0.027085534
4 48 -0.328249487
5 48 0.081609077
6 48 -0.941085331
7 48 0.000011851
36 48 -0.006631911
37 48 -0.025371594
38 48 -0.000834885
39 48 -0.057695882
40 48 0.047898566
41 48 -0.997177915
42 48 -0.000002086
43 48 -0.014598007
44 48 0.211864588
45 48 -0.000000095
46 48 0.023924958
47 48 0.002624267
48 48 3.035986794
49 48 -0.000000001
50 48 -0.000000000
51 48 0.000000003
52 48 -0.000000000
53 48 -0.014869861
54 48 -0.094197982
55 48 -0.995442425
56 48 0.000000008
1 49 -0.133193745
2 49 -0.049409685
3 49 0.176063319
4 49 -0.000030465
5 49 0.000107644
6 49 0.000007180
7 49 -1.000110455
36 49 -0.024410283
37 49 0.005793169
38 49 0.017853058
39 49 0.000001682
40 49 0.000000598
41 49 0.000002029
42 49 -0.999991671
43 49 0.211864778
44 49 0.014597902
45 49 -0.142139846
46 49 0.000000113
47 49 -0.000000106
48 49 -0.000000001
49 49 3.052128497
50 49 0.000000000
51 49 -0.000000003
52 49 0.000000000
53 49 -0.000000004
54 49 -0.000000013
55 49 -0.000000001
56 49 -0.999999943
1 50 -0.948914044
2 50 -0.059394503
3 50 0.309894207
4 50 0.000000000
5 50 -0.000000000
6 50 -0.000000000
7 50 0.000000000
43 50 -0.999322694
44 50 0.033660116
45 50 -0.014869855
46 50 -0.000000014
47 50 -0.000000014
48 50 -0.000000000
49 50 0.000000000
50 50 3.000000200
51 50 -0.000000102
52 50 0.000000007
53 50 -0.000000102
54 50 -0.155505333
55 50 -0.007786532
56 50 0.218899293
57 50 -0.994022739
58 50 -0.097166806
59 50 -0.049777820
60 50 -0.003806631
61 50 0.045715888
62 50 -0.013220310
63 50 0.014061053
1 51 0.000879838
2 51 -0.982618355
3 51 -0.185635105
4 51 0.000000000
5 51 0.000000000
6 51 0.000000000
7 51 0.000000000
43 51 -0.032114034
44 51 -0.995035392
45 51 -0.094197969
46 51 0.000000000
47 51 -0.000000008
48 51 0.000000003
49 51 -0.000000003
50 51 -0.000000102
51 51 3.000000069
52 51 0.000000064
53 51 0.155505289
54 51 -0.000000136
55 51 0.218899292
56 51 0.007786321
57 51 0.096994331
58 51 -0.995267651
59 51 0.005877604
60 51 -0.046376530
61 51 -0.004450080
62 51 0.011756471
63 51 0.012966572
1 52 -0.315533447
2 52 0.175879110
3 52 -0.932472627
4 52 0.000000000
5 52 0.000000000
6 52 0.000000000
7 52 0.000000000
43 52 0.017966739
44 52 0.093656640
45 52 -0.995442422
46 52 -0.000000028
47 52 -0.000000027
48 52 -0.000000000
49 52 0.000000000
50 52 0.000000007
51 52 0.000000064
52 52 3.000000181
53 52 0.007786406
54 52 -0.218899501
55 52 0.000000028
56 52 -0.155504706
57 52 0.050113325
58 52 -0.001014451
59 52 -0.998743180
60 52 0.014253015
61 52 -0.012734518
62 52 0.000728058
63 52 0.045946429
1 53 -0.003633737
2 53 -0.137807140
3 53 -0.037538907
4 53 -0.948914032
5 53 -0.059394501
6 53 0.309894197
7 53 0.000000111
43 53 -0.000463126
44 53 -0.012523445
45 53 0.002775592
46 53 -0.999322692
47 53 0.033660167
48 53 -0.014869861
49 53 -0.000000004
50 53 -0.000000102
51 53 0.155505289
52 53 0.007786406
53 53 3.020578850
54 53 -0.002327703
55 53 0.028849660
56 53 -0.000000312
57 53 0.000079549
58 53 -0.000908915
59 53 0.000187743
60 53 -0.994067640
61 53 -0.097168524
62 53 -0.049767226
63 53 0.000003587
1 54 0.198568497
2 54 -0.026919003
3 54 0.143430905
4 54 0.000879847
5 54 -0.982618354
6 54 -0.185635115
7 54 0.000000111
43 54 0.011894194
44 54 -0.002038772
45 54 0.017481044
46 54 -0.032114040
47 54 -0.995035373
48 54 -0.094197982
49 54 -0.000000013
50 54 -0.155505333
51 54 -0.000000136
52 54 -0.218899501
53 54 -0.002327703
54 54 3.061178694
55 54 0.001647864
56 54 -0.000000170
57 54 0.000888623
58 54 0.000089287
59 54 0.000430981
60 54 0.096992328
61 54 -0.995304406
62 54 0.005889409
63 54 -0.000030609
1 55 0.011481538
2 55 -0.196931241
3 55 -0.041029532
4 55 -0.315533435
5 55 0.175879122
6 55 -0.932472622
7 55 -0.000000000
43 55 -0.004499581
44 55 -0.017159588
45 55 -0.001695671
46 55 0.017966763
47 55 0.093656646
48 55 -0.995442425
