# General sensor definitions.
sensor_type: camera
comment: VI-Sensor cam0 (MT9M034)

# Sensor extrinsics wrt. the body-frame.
T_BS:
  cols: 4
  rows: 4
  data: [0.0148655429818, -0.999880929698, 0.00414029679422, -0.0216401454975,
         0.999557249008, 0.0149672133247, 0.025715529948, -0.064676986768,
        -0.0257744366974, 0.00375618835797, 0.999660727178, 0.00981073058949,
         0.0, 0.0, 0.0, 1.0]

# Camera specific definitions.
rate_hz: 30
resolution: [1024, 1024]
camera_model: pinhole
intrinsics: [380.81042871360756, 380.81194179427075, 510.29465304840727, 514.3304630538506] #fu, fv, cu, cv
distortion_model: radial-tangential
distortion_coefficients: [0.262383, -0.953104, -0.005358, 0.002628]

